18991,19573,16193,11760,11678,12880,15772,18599,10536,9572,12278,16547,13136,16194,15580,17088,18679,15028,11378,11583,16120,
15743,10162,13664,9748,15927,19002,16394,9882,18649,12751,16095,17952,17181,11355,
9702,12764,12326,13117,10479,13202,15283,12507,11145,14259,9930,15402,15942,10177,18048,17837,9759,11149,17601,10552,16073,12951,15230,12846,16008,10609,10014,19676,17979,9463,
11989,16628,16394,16551,10038,10515,18940,9962,11637,16852,13672,14214,18245,9635,
9962,10609,19385,17824,10144,16691,17746,19846,10726,15943,18518,16315,19334,17837,18845,17971,17098,9609,18998,13335,17726,11708,17023,17038,13733,11686,17989,10121,14798,9813,15678,18265,12485,12327,13036,16496,17732,14216,11545,14841,16189,15850,9606,15842,
13062,16514,19501,12114,16138,9685,17846,18075,12588,11473,18661,14676,10692,12776,17209,15663,17725,10130,11455,16787,10415,16968,18496,17705,9595,18545,18320,13092,12957,12822,16140,9930,19325,12628,14282,17574,
13591,15337,15366,9869,13088,13825,18543,16731,9732,11761,11713,11988,19406,12900,11286,14581,14091,12033,13735,11983,10231,10526,10822,14869,16375,12783,
14491,10803,14828,14561,13870,11235,11434,19997,18844,18182,9631,17209,15606,15227,9700,10925,
12166,17684,18172,12682,14953,16356,12702,9632,10232,16267,15842,15417,14951,18789,
9507,18237,14737,18592,16095,12698,9815,16844,15594,13526,13290,9659,15174,13318,9417,18274,
13933,18204,13454,14597,10591,19003,19313,10558,10195,11553,17194,18027,15332,12419,16217,16155,19212,10094,10715,11153,10062,14227,
19697,18439,15633,16412,11088,10328,13406,10718,12802,11600,12043,11862,17087,12946,9837,12753,15670,11631,18740,17834,13100,14559,13753,12947,18697,13309,10595,10985,19420,12722,19330,19693,11167,12736,14565,10844,17391,15121,12229,9860,14789,
14241,12925,19205,14570,12332,13722,16752,18876,14842,18856,18575,17529,18391,10634,19908,19103,14691,10279,14600,11183,17704,15847,10918,13150,10215,11233,11697,9582,16960,11084,10669,16243,12576,10120,15899,17060,15425,
10943,9834,15896,17973,10132,12257,17013,19282,13983,15738,17513,14317,12460,14292,12717,11230,10648,17798,19173,13225,12755,12286,18638,18856,
14272,13949,13311,9800,15540,9732,10316,13608,10419,14254,12798,14159,9921,16867,15684,16946,
16857,11752,11790,17201,17955,9438,10152,16120,12077,11077,12435,10542,10767,14454,19520,16587,13278,13424,10481,13742,17003,15666,18825,14592,10360,10848,19149,16306,14076,11706,10209,15300,16043,17325,16587,10664,
14366,13275,15212,19362,12141,16578,12583,19897,15273,17369,18510,19686,14291,10102,17469,19741,15417,19340,16472,12136,15762,
14201,13281,12168,16714,18347,16214,16784,18601,12931,10305,10325,11724,14199,12109,16662,13102,11301,9848,12961,13490,18115,13729,
16606,10734,9793,15780,17693,19887,17752,13337,18799,12013,14860,19949,17696,10036,16717,12716,19112,10221,12102,9651,16503,17134,10978,16645,10059,14575,18928,12987,
12944,18354,15435,17910,10351,19006,10469,13081,17094,10748,11925,19990,15023,17848,16826,17218,9457,16722,10368,16487,12169,14661,9633,9898,
18533,19864,18234,13486,19113,15169,18905,9610,9689,10581,9821,
15131,17013,14697,15578,12269,16798,12048,16638,14322,17387,16951,9577,18174,13203,16370,16207,17880,19435,13874,
15962,17492,11988,10456,11130,17901,11635,13314,10185,11806,16705,16416,12189,11179,9795,9530,18804,15450,18123,18861,9429,17444,11350,19132,19176,16581,13986,9724,13055,19781,13605,12064,10089,19070,18748,15151,
16351,17195,10487,15483,11715,14923,19107,16325,18880,16074,17262,13586,15449,18298,12406,10400,14285,18170,10848,9892,10053,18300,18759,19164,13408,18715,18497,11317,
11495,13220,11558,11796,10330,11335,13797,9635,17455,11534,13092,15490,17889,15544,11667,10600,14209,15523,19363,19352,10793,18735,10920,18845,11682,10884,10148,16237,12132,9524,18210,10814,13791,18062,19782,13204,11956,
13429,18714,11998,18519,10125,15290,15088,17617,9945,11302,14241,17303,10065,11283,15119,9903,12662,15422,15202,18667,11092,12179,12697,10423,17080,15618,12218,13843,15618,10485,
18385,19995,9749,15310,10418,9481,13191,9551,10172,13877,16416,11878,15531,15553,11505,15197,10516,10073,18189,12120,10010,11682,17183,19440,10850,14904,
19207,13253,9915,17999,12203,9902,10825,11715,12606,12050,11494,19369,12245,14763,17262,14403,14652,19828,15244,19878,13943,16922,17295,18550,
18603,14846,12642,16330,18514,19775,10567,9965,19575,15315,11684,14552,12638,14059,9547,11469,18090,9844,
13498,12643,9642,12705,13596,9635,12225,19566,12214,18222,12106,15933,16153,18078,
17718,16975,12254,13025,11384,15347,14124,12918,12154,14201,10326,11990,13012,15864,19450,18334,10435,14195,17955,19279,19195,15480,11765,11143,18153,16439,9646,
13876,16654,19415,13155,15751,15002,18126,18737,19349,10249,9978,13000,13605,14211,16186,10359,9649,14411,15871,18770,9839,13890,14793,9787,14534,17147,15131,11766,19314,10002,16724,10526,9528,18712,15190,15724,14239,19322,14822,10879,9667,11363,15719,11840,
10865,12252,10643,19806,18013,16125,11612,9869,9635,9757,10928,12100,11241,10184,15363,12996,14085,19551,12317,15287,
12356,18601,14284,15911,17082,17320,9514,10649,13659,9743,15455,15493,12243,12548,17547,10379,18634,17229,10952,18540,19367,19879,14687,9496,12772,14774,17253,18228,12636,12960,18876,
16324,19478,14517,17249,12960,12365,12361,18866,19005,12348,16396,12894,13658,17924,19536,16802,14816,11047,12078,16761,14094,13721,19046,10214,10062,18866,16771,
12621,14412,17724,12535,11503,11416,18313,13045,14232,11206,16259,15643,13037,11784,10531,18396,15888,16536,10683,10544,13040,18851,17987,10028,12142,13164,14224,
18511,19482,14047,18750,18284,18287,15770,17055,18341,11517,9754,12775,14109,19853,11872,17709,10548,15129,19710,16104,19078,18692,18307,14173,9511,19055,18148,17242,10021,9674,11135,15288,13270,13146,11359,
19061,17663,14930,11625,12563,12750,16080,15483,12122,10155,15727,9801,16894,13818,13980,15233,16487,18021,14963,16352,12428,17782,9809,12681,15772,12321,11786,15722,19658,13801,10788,13571,15356,13580,11804,14000,15418,17600,16893,16200,15193,18011,19727,18018,17070,
11764,13573,11385,14555,10146,12764,12322,11105,17438,12502,13624,14747,13495,16875,19480,10661,14042,10577,15946,16692,16280,15868,16380,10350,18356,16636,12608,12486,14027,13928,13612,13230,12849,13175,10541,
19665,11422,17282,11401,11322,18636,19210,12689,13682,16529,17179,17906,16694,12720,15365,15819,16712,19904,17539,10201,16632,12744,18737,10654,13145,
14590,15106,19583,19772,10387,14697,19944,14373,19052,16362,17115,17741,14986,13672,18056,9409,17281,13688,9655,16650,15406,14459,11262,9824,12985,19944,13062,17159,18676,10476,11304,17399,10106,17699,13030,11154,19996,10591,19589,19275,13873,13134,19571,
13871,10481,16817,12916,18471,10886,13994,12820,13446,18996,17033,9725,9472,9822,16690,17152,19656,10853,10466,17647,10289,13995,10704,
17030,16757,12098,15374,15122,9768,10619,14163,18940,12738,14164,13523,13053,18322,15048,14079,15283,16488,19751,16640,17475,17438,9473,16557,10884,14862,18841,16572,10876,17637,18803,
13316,11659,16599,13340,17336,12967,10531,14924,15308,15692,11251,18914,12755,14600,19035,14279,9861,19111,14758,9979,18855,9437,11845,10046,15126,
18749,15215,14346,19882,14547,12746,10283,17621,14928,14658,11072,18572,18335,14763,19807,18898,18471,13160,19495,15422,11349,15384,17408,11267,11433,14794,10809,18096,14656,19359,15549,12920,9514,16840,17991,17151,10115,12587,
19416,17267,19531,11574,14930,13168,11170,15116,15697,18609,15173,17131,12446,13580,12304,9511,19542,13493,16231,18554,18965,11710,12205,12701,19802,10271,13983,16627,13931,16517,13894,11272,10554,13105,10423,16718,13230,18125,10908,10598,18526,
9575,14450,16852,12499,11804,10634,9416,11792,10959,12771,14583,13717,13293,18770,16382,9615,14335,10751,16969,16116,14081,16402,16211,14284,17808,16251,13488,17795,15068,14689,15175,15465,15055,16438,12801,13585,
13719,13145,18849,14668,16348,14029,15528,10442,12391,15055,9932,17936,16856,9638,
15698,17134,17746,15833,17393,19740,15512,10945,16748,9775,17231,9767,16323,12548,19793,15626,18737,19971,
18853,17258,16836,17104,18635,12150,16979,19935,10839,11040,12479,11056,19861,13968,
13228,11941,18456,18464,17781,13733,17893,16753,13981,16719,10173,10790,17592,19794,10484,18999,10368,19552,15579,
19934,9876,10775,18697,18438,9577,18617,13001,16585,19886,11244,12639,19516,11858,9625,19209,12361,17030,12252,16894,17135,9887,18896,17458,13022,10737,
17741,9474,14939,17106,17753,13609,15421,19098,18992,13925,10015,10863,19921,13394,16971,16402,9824,11841,17039,12160,16902,11504,15385,16063,15730,19602,11078,12684,13829,16357,13760,17162,13565,
19081,12437,19968,12010,17636,16407,11860,9543,16816,14647,16009,17823,12743,11495,12632,18858,14900,9976,12425,19400,12029,17487,18211,16552,
13019,16642,12566,18148,19957,12109,12551,17902,13620,13026,17446,14526,13289,16359,19303,16188,13073,15113,16710,10311,19133,18962,15546,11443,18300,18219,16145,18958,10136,16636,
11004,19524,10503,17391,14683,16785,12839,17074,18280,11904,17261,10188,9576,12778,13771,14764,9849,17007,18394,16940,17870,14546,11711,12357,10544,16263,11070,13415,11366,9857,18447,13107,19561,
12952,18883,17977,14624,11453,17769,12454,14457,14138,19485,15908,13324,14114,19346,18755,16305,12635,10325,16466,10253,15894,13316,13016,11563,10110,17594,10644,15404,18144,13521,11818,17979,16736,10121,13494,10773,10264,12580,
13202,16340,16079,15118,17115,14536,18367,13800,13764,12219,15225,17093,15539,18278,18135,15697,13259,12817,12477,17026,12464,11718,10692,9667,19011,18126,10284,17794,13478,9583,14416,
11361,19130,12949,13511,16262,14995,18784,17321,15225,9461,11203,17525,10654,16626,16073,15520,10809,9771,16047,13205,10364,13327,10393,18515,12529,9951,13359,16278,18434,13926,12982,11523,10716,10071,17264,17270,17276,10151,11058,10591,11506,19486,14702,14314,
17785,13949,9587,13486,19883,19938,18691,15373,9479,13201,12876,13039,18896,16379,14221,10211,
12285,16566,12634,13538,14995,17587,19824,19575,12464,14926,10369,9487,13821,
12987,15000,12584,12530,10801,14784,12747,13586,14426,16538,17291,18044,13054,19890,19238,19368,16600,17400,11742,15451,17902,19543,14083,15738,14382,18857,15478,12100,10788,9476,10937,9921,12638,12067,19778,16582,
15889,19796,10981,17433,15192,13094,16819,11478,10703,19298,13304,14230,15157,13173,11811,18618,16084,
14038,18749,15275,15480,16161,16595,13285,11032,19390,17052,14715,15689,9590,16678,11988,11374,18793,13946,10577,12282,11940,13906,19613,11455,17451,11675,14249,16978,19544,12683,11848,12791,12311,15558,18076,
17241,13040,14265,18462,17054,17177,11898,17478,13021,14680,19434,19905,14881,15116,11059,14176,14694,11323,16310,12458,13419,19849,15597,16312,13509,10706,18954,11607,11605,11603,11905,14103,12226,15285,18791,17508,
10332,10737,16752,15102,16747,18331,11808,11512,15256,11796,14007,9606,17255,9758,18059,17596,
12638,11608,16738,14383,14962,18539,17813,15170,16961,16259,14948,16476,13782,14222,13594,18094,14521,14962,15404,16697,15061,12474,14125,14947,15187,13790,15403,
19500,14959,12558,16231,11370,11458,11621,13457,9470,18321,10308,11297,12286,14970,15173,17791,13050,
19110,14424,12325,14926,17794,15998,18754,18964,10285,18441,13997,10757,16195,10238,18790,12402,11667,15273,
16826,12889,12969,19985,19943,9758,16434,13718,11893,15471,11716,11542,13181,16482,17931,19381,19804,15233,11667,12805,18791,11118,
10174,11142,12152,15250,17098,18340,14148,18687,17575,13448,14913,9766,11450,13135,9495,14605,19198,14041,10569,13634,16699,17060,10777,12250,16671,9708,19611,10460,19242,16662,16953,16401,13265,12263,19332,19879,19259,10800,17687,19406,19247,
13256,12584,18792,16853,10835,18517,9974,11680,16465,15234,14929,15543,14497,17637,19172,13298,12953,15945,11365,11755,16147,10405,10874,15859,19046,10160,16590,10746,19258,16839,13555,14360,16172,
11905,10687,18905,12280,14742,13492,12366,18080,12918,15062,11723,17166,10899,17100,13173,14579,15986,15228,10909,11014,
18464,18168,11118,15249,16263,16006,10895,14017,15141,15425,15710,9742,14206,14780,15354,17174,19080,17516,14352,15329,13553,18102,12169,10297,19642,19061,12584,19543,13685,9483,14955,14375,10724,
17311,16254,15802,11487,13285,15782,13982,19839,16876,10617,15100,17234,10441,14236,15012,17495,17678,15664,13989,19606,16113,13835,12982,18348,9824,13282,
17288,10057,16898,19022,12689,10979,10026,16866,18332,16394,18511,10778,16380,17583,9774,11374,
18368,14597,9604,17523,11319,14952,18816,13235,17552,11490,14864,18239,16334,17710,19086,13750,16685,19620,16752,11865,17085,10712,12636,17390,13492,19133,17062,10107,12505,18278,10460,9548,
