18991,4020,19573,16193,11760,821,4214,11678,12880,15772,18599,10536,9572,12278,16547,13136,16194,6789,2248,15580,17088,5978,8484,8694,18679,NA,11378,11583,3184,9222,NA,5897,513,1966,1700,1835,16120
15743,10162,13664,9748,15927,6637,4634,3877,80,19002,1604,16394,NA,3370,6676,18649,12751,16095,1692,17952,17181,4754,6537,11355
4454,9702,12764,6476,12326,13117,10479,9237,13202,15283,4464,12507,11145,6605,14259,4458,NA,15402,3988,15942,NA,4412,9010,3114,5089,18048,17837,9759,NA,6291,4698,NA,17601,10552,9370,16073,7745,12951,15230,12846,16008,10609,10014,4798,19676,547,8473,17979,9463,4204
4943,3454,7965,11989,16628,4563,4313,6568,16394,6063,993,6466,1729,16551,10038,10515,18940,7608,839,9962,11637,4019,16852,1213,13672,7332,14214,18245,5529,9635
9962,8855,264,5811,8759,3433,1985,10609,19385,623,17824,744,10144,1030,464,16691,2782,1185,4,17746,19846,10726,15943,18518,1709,16315,19334,17837,4426,7760,18845,NA,17098,9609,18998,13335,17726,11708,17023,6358,NA,824,17038,13733,11686,3453,17989,10121,14798,4640,NA,7213,9813,15678,4531,18265,12485,7645,NA,585,12327,13036,1966,6402,16496,17732,14216,NA,8875,NA,2443,5521,14841,16189,15850,9606,15842
13062,16514,6257,19501,2279,8338,6105,12114,16138,9685,4479,17846,18075,12588,11473,6327,9100,35,8008,18661,NA,10692,896,12776,8250,6778,4926,895,17209,15663,4723,17725,10130,7623,NA,1982,2345,2029,11455,16787,8245,10415,16968,18496,9266,5528,1205,17705,646,NA,18545,7145,5586,2419,7447,18320,13092,NA,12822,16140,9930,3392,19325,8618,12628,14282,5516,4498,17574,3258,7164
3286,13591,3929,8242,6907,526,15337,4880,15366,1092,4024,9869,13088,1510,13825,18543,16731,9732,875,7006,11761,11713,11988,19406,8764,12900,11286,14581,NA,1001,14091,12033,8939,13735,NA,10231,NA,10822,14869,16375,12783,283,732
1489,14491,8315,10803,14828,453,14561,13870,11235,11434,19997,18844,6323,18182,9082,9631,17209,15606,15227,9700,10925
8936,12166,5154,17684,18172,9,12682,14953,16356,3492,12702,843,6717,NA,9632,10232,16267,NA,15417,8591,6236,8417,14951,18789,2741,8810
9507,18237,430,14737,1902,18592,16095,12698,9815,16844,1580,375,8551,15594,3672,1082,13526,13290,8658,8616,9659,15174,13318,9417,18274
1113,13933,2240,18204,13454,8595,14597,10591,19003,1400,19313,2793,3921,10558,10195,11553,5565,8240,17194,18027,8544,15332,5285,12419,8113,16217,16155,19212,4531,10094,10715,1354,11153,6489,9263,10062,8717,7200,6211,7554,6564,609,6032,4266,6955,4070,6140,4528,14227,3699,2288
19697,18439,5137,4390,1144,6078,15633,16412,11088,10328,13406,10718,12802,11600,362,9008,5716,12043,6637,NA,17087,12946,9837,NA,15670,1039,11631,3807,18740,1962,17834,13100,1482,8348,5479,14559,NA,12947,18697,13309,NA,7882,10985,19420,7357,2631,4634,NA,1887,7515,6612,12722,19330,19693,9387,8756,11167,12736,14565,10844,17391,15121,776,12229,9860,14789
2463,14241,6470,7888,12925,19205,14570,1313,12332,3913,364,13722,1177,16752,497,7112,18876,14842,18856,715,9305,18575,17529,4554,18391,2892,255,2893,2216,7409,10634,646,19908,613,19103,NA,10279,14600,NA,4196,11183,17704,15847,NA,5989,13150,9197,NA,11233,11697,9582,1077,16960,2189,289,4099,8884,11084,7517,1785,10669,16243,3673,12576,8677,10120,15899,17060,15425
10943,9834,15896,4719,17973,5069,10132,12257,17013,746,3886,19282,13983,6949,15738,5537,1628,17513,8927,3212,14317,461,4394,12460,7550,14292,12717,6700,3602,11230,10648,17798,19173,7437,13225,NA,12286,283,18638,1476,1246,18856,5012,3525
14272,9319,13949,169,13311,9800,15540,9732,10316,1989,13608,10419,14254,12798,14159,2386,5631,9921,16867,15684,7125,5080,4538,16946
16857,714,5785,8505,9336,3991,11752,11790,17201,1069,2561,9078,1496,17955,NA,921,NA,3226,10152,16120,6969,12077,11077,12435,1974,1800,8981,2793,1858,10542,10767,14454,19520,16587,2028,2222,6935,13278,1490,2316,1170,13424,10481,NA,17003,15666,18825,NA,10360,2014,2548,NA,19149,16306,14076,5991,1747,1632,NA,11706,3993,10209,4895,15300,2181,16043,17325,1612,16587,10664,3394,8820,6369,9061,3169,870
1555,14366,13275,15212,19362,2871,12141,1921,293,3501,16578,12583,NA,2349,19897,15273,9258,7110,17369,8562,4180,18510,3601,7585,4786,2674,458,19686,14291,1870,10102,4429,1366,17469,19741,15417,19340,16472,12136,15762,7523
14201,13281,12168,16714,9100,7968,592,18347,16214,16784,18601,2843,12931,10305,2749,451,10325,7595,9243,11724,1427,14199,12109,16662,13102,6148,405,844,11301,9848,12961,13490,18115,13729,2809,5780,8067,4816,4825,9026
8242,16606,10734,5819,4268,2876,7307,9793,15780,17693,5530,19887,6313,489,NA,17752,5222,NA,8645,3515,13337,2770,2050,NA,3164,3399,18799,12013,14860,7462,19949,17696,10036,6290,16717,12716,4702,19112,7796,5122,10221,12102,9651,16503,17134,3732,2207,10978,3207,16645,5544,NA,14575,5649,7743,18928,12987
3124,12944,18354,2416,2609,15435,17910,10351,5305,19006,10469,13081,3980,5580,17094,4349,5833,NA,2858,9024,1905,10748,3046,1697,6296,468,11925,7987,19990,15023,17848,5690,7218,16826,17218,9457,16722,1768,1565,4994,2133,9209,8093,961,10368,16487,5583,5141,4013,12169,5997,14661,9633,8653,9898
370,92,18533,19864,1364,18234,13486,19113,5745,15169,18905,9610,9689,7695,4012,174,10581,3396,824,9821
4585,15131,17013,14697,15578,12269,5767,16798,8322,12048,5330,6028,NA,6726,4146,16638,14322,2798,17387,16951,9577,7572,7084,18174,13203,16370,579,NA,2090,16207,4671,17880,19435,13874,8651
15962,17492,6366,11988,10456,2297,6476,11130,4109,6298,17901,11635,13314,8478,9359,10185,5670,5363,671,5119,NA,3078,3725,8087,11806,16705,16416,12189,6160,5404,6233,6474,3638,7666,7542,7369,11179,9795,9530,18804,6698,3126,2769,15450,3393,501,18123,18861,9429,17444,546,NA,7981,NA,5067,4460,11350,4402,19132,19176,NA,13986,NA,5462,6501,1162,13055,2419,4338,19781,13605,12064,10089,19070,18748,15151
16351,17195,10487,15483,3267,11715,14923,7438,19107,3820,16325,6303,18880,16074,2436,3773,17262,13586,15449,18298,12406,5136,7806,10400,NA,18170,10848,NA,8936,753,10053,18300,8063,18759,19164,1541,3357,9267,13408,18715,7865,8585,18497,11317
11495,13220,11558,11796,2180,10330,11335,13797,9635,17455,11534,6756,13092,NA,17889,15544,11667,10600,14209,15523,19363,5061,19352,6494,10793,18735,10920,18845,11682,2858,10884,7515,10148,16237,6111,NA,12132,NA,6917,18210,NA,3418,13791,2268,18062,19782,13204,3218,11956
13429,4295,3493,18714,7769,11998,4764,5505,9215,18519,10125,15290,15088,17617,9945,NA,4803,4424,7363,4270,11302,2196,14241,1021,623,17303,10065,2573,11283,5760,15119,9903,NA,15422,15202,850,8872,NA,1179,18667,11092,3335,4581,12179,12697,10423,17080,8254,15618,4399,172,12218,6392,869,13843,15618,10485
8165,18385,5558,19995,1680,9749,15310,678,10418,9481,13191,8896,9551,3876,8585,6418,10172,13877,3330,3259,1675,NA,16416,11878,15531,7596,3121,1166,4820,15553,7813,NA,15197,NA,3594,4934,NA,416,10516,7482,738,10073,18189,8365,4294,8999,4840,12120,NA,7900,11682,594,NA,17183,19440,7704,9029,10850,1981,4650,14904
8676,840,4166,19207,13253,4507,884,9915,3717,17999,12203,8980,NA,10825,NA,12606,NA,11494,19369,2079,1515,2618,9340,12245,NA,3981,14763,17262,784,4332,14403,14652,1841,8726,19828,15244,19878,2862,8657,8906,NA,442,13943,8275,5279,7920,4985,16922,5608,17295,18550
2086,18603,14846,12642,16330,18514,19775,8657,6171,9132,10567,8800,1967,349,8627,7881,3599,7239,9965,19575,7609,15315,2767,11684,14552,12638,7875,14059,1740,9547,1591,1118,11469,6243,18090,9844
4840,6030,5190,5253,1646,13498,12643,9642,12705,13596,5112,4948,9635,12225,19566,12214,18222,12106,NA,572,15933,3487,16153,18078
3196,6550,1416,17718,16975,6670,143,8096,12254,13025,7421,NA,15347,8984,NA,6243,9152,14124,5329,12918,12154,14201,7917,645,5715,10326,5500,NA,11990,13012,15864,19450,18334,4584,10435,NA,17955,19279,19195,NA,11765,11143,NA,1218,NA,6482,18153,16439,4213,9646,6869
13876,16654,2730,6878,6836,7503,550,1873,3900,6309,2260,19415,13155,15751,195,4147,15002,734,4255,18126,NA,19349,4732,NA,10249,9978,5055,NA,13000,NA,14211,16186,10359,9649,5087,7723,14411,15871,18770,9839,13890,14793,8090,9787,14534,17147,15131,11766,4312,19314,10002,16724,10526,9528,18712,15190,15724,8485,14239,8893,9129,1532,3869,19322,14822,NA,6936,9667,11363,2237,15719,11840
10865,3983,12252,7854,4339,760,2778,4335,7565,10643,111,19806,8001,2689,6676,2539,18013,16125,1610,5090,11612,NA,8127,9635,1820,9757,NA,12100,NA,3538,566,11241,NA,9128,15363,12996,14085,19551,43,6471,4119,12317,15287
12356,4500,1723,9063,18601,14284,9111,15911,5689,17082,289,4555,2699,5233,8780,17320,2996,447,1803,4224,NA,7255,905,9514,10649,5701,5972,1425,8441,7651,13659,9743,8079,8244,4497,15455,15493,NA,8993,12548,634,17547,4831,10379,18634,4298,6099,2088,17229,10952,18540,19367,19879,NA,9496,8267,12772,14774,707,17253,18228,NA,7045,NA,18876,3784,5962,5749,4151
4550,16324,2896,4707,4939,19478,154,954,14517,17249,5046,970,3154,NA,12960,12365,5265,8343,12361,18866,2887,19005,NA,5692,16396,NA,9392,NA,17924,19536,16802,3579,14816,11047,12078,5344,16761,8005,14094,8397,NA,19046,4922,2423,10214,6823,10062,7731,3692,8627,4474,2619,18866,16771,1810
9016,12621,5911,14412,4910,2524,17724,12535,8424,11503,3233,7849,7625,11416,2572,18313,9356,13045,77,6467,14232,11206,16259,15643,9191,13037,NA,10531,18396,5307,2542,NA,15888,16536,10683,3874,10544,7229,NA,18851,3706,17987,4828,5229,10028,12142,6793,13164,14224
186,18511,19482,14047,6305,9300,8056,2570,565,7895,18750,18284,18287,3151,2234,15770,NA,18341,5153,NA,3512,2233,NA,11517,9754,12775,6107,14109,6493,19853,5366,11872,9303,7368,3631,17709,10548,NA,19710,16104,4673,1540,8333,19078,NA,18307,7267,8443,14173,800,NA,6534,9511,4987,1024,19055,NA,17242,10021,9674,11135,15288,13270,929,8547,1654,9345,13146,11359
19061,17663,3017,14930,11625,2614,12563,12750,16080,15483,12122,NA,8189,15727,NA,3876,NA,4142,16894,13818,NA,74,3239,13980,NA,16487,6228,NA,9088,1060,18021,14963,16352,NA,8504,17782,9809,12681,4057,15772,12321,442,280,11786,NA,19658,8674,13801,308,2779,6337,10788,13571,15356,NA,11804,3837,6321,5433,5175,2346,14000,8491,NA,6705,15418,7430,17600,4416,16893,1897,6352,16200,15193,18011,19727,18018,2094,17070
11764,13573,11385,14555,10146,12764,5056,12322,11105,17438,12502,NA,14747,13495,16875,7860,19480,10661,14042,NA,7112,15946,134,4600,16692,NA,15868,16380,10350,7179,18356,16636,12608,12486,14027,13928,NA,3515,13612,NA,12849,55,6406,8062,13175,10541
19665,3494,1080,11422,2639,17282,3086,11401,4619,11322,18636,8395,19210,12689,13682,16529,17179,9146,2832,527,NA,7686,17906,6770,16694,2811,NA,9310,3454,12720,2412,NA,3476,1346,NA,1418,15365,15819,49,NA,16712,19904,624,17539,1259,10201,6578,7127,1807,3257,NA,8095,16632,6101,12744,18737,10654,13145
7488,5434,1233,14590,15106,3181,1277,3226,19583,3947,2696,19772,10387,14697,19944,14373,19052,1036,5507,16362,17115,17741,14986,13672,18056,5240,9409,17281,13688,6515,9655,7940,16650,3112,7591,15406,8623,14459,4497,NA,6267,11262,9824,6073,6026,NA,19944,NA,6180,17159,18676,10476,8014,11304,17399,10106,17699,13030,102,11154,19996,10591,5197,998,2699,19589,19275,9276,13873,3307,4598,13134,19571
13871,9194,10481,16817,12916,18471,7165,10886,13994,12820,266,4132,NA,13446,NA,3508,3480,1690,18996,7471,4297,17033,1412,5084,9725,9123,NA,9822,1728,16690,17152,19656,10853,3519,7229,10466,17647,10289,13995,40,10704,5825
17030,16757,12098,15374,1140,7710,15122,9768,7839,10619,14163,2789,18940,1740,6202,12738,14164,13523,13053,18322,15048,14079,NA,16488,7644,19751,16640,17475,17438,9473,16557,9392,1989,10884,NA,18841,6899,368,16572,NA,5180,7652,5846,17637,8855,18803
13316,11659,16599,13340,1653,17336,84,12967,1519,8177,10531,14924,NA,15692,NA,6810,18914,NA,6597,5161,3243,14600,6993,19035,5782,14279,NA,5443,5847,19111,7088,14758,6593,4848,9979,18855,1917,9437,11845,10046,1234,58,7008,15126
18749,5340,15215,14346,19882,14547,12746,10283,9088,934,17621,14928,14658,NA,7487,18572,18335,14763,19807,6983,NA,4110,18898,2697,18471,8014,13160,776,8193,4531,6666,2065,6810,4349,2191,19495,NA,11349,NA,6738,NA,310,15384,17408,7403,11267,11433,14794,8576,10809,3553,455,5686,18096,14656,7169,19359,1452,3362,295,800,15549,12920,9514,16840,17991,1569,NA,17151,10115,5375,12587,4572
19416,17267,19531,11574,14930,6247,13168,7794,11170,1948,15116,7957,15697,18609,5066,15173,1865,7544,7090,17131,12446,190,13580,7014,12304,9511,19542,8063,13493,16231,18554,18965,820,11710,NA,12701,4760,5551,19802,4269,4601,6039,4577,10271,6081,13983,16627,9374,13931,NA,3989,2506,16517,NA,11272,942,8204,NA,4289,1118,4157,10554,13105,8209,10423,16718,13230,2752,18125,10908,4398,6951,10598,8465,572,18526
9575,3639,14450,3396,6668,5083,8404,16852,6372,4211,12499,1796,4306,NA,11804,2176,NA,10634,6726,3840,255,8913,455,9416,11792,9014,10959,NA,14583,13717,13293,18770,16382,5507,5293,9615,3346,NA,14335,NA,7168,16969,7689,8361,1241,16116,14081,6079,16402,16211,14284,17808,16251,464,13488,6748,17795,15068,4404,14689,1840,8457,15175,7882,15465,7284,15055,16438,12801,6808,7304,13585,6252
13719,5716,13145,4683,18849,14668,6877,5407,16348,14029,4476,15528,7825,10442,4112,12391,15055,9932,17936,5152,2525,16856,7703,4914,1433,1180,9261,7962,6540,9638
15698,17134,1309,3356,1036,17746,6271,15833,17393,5298,19740,2499,15512,10945,16748,9775,3816,17231,NA,2303,16323,8376,12548,8464,19793,15626,7160,4638,18737,8544,7286,2445,484,7522,19971,1327,3597,436
18853,17258,16836,5079,17104,18635,12150,4334,16979,7695,19935,10839,1152,399,7570,11040,1325,NA,725,12479,2505,2251,NA,19861,8775,353,13968,4835,8233
13228,11941,4483,18456,2804,6657,4775,6183,3677,3932,7498,18464,17781,13733,9334,550,17893,4012,6491,16753,7701,13981,615,2696,4576,2937,966,16719,7882,10173,6396,10790,17592,19794,2331,9087,3560,10484,7431,18999,10368,19552,15579,4965
5109,1427,19934,7699,9876,10775,18697,18438,4309,1041,9577,4056,18617,NA,7386,5738,16585,19886,2468,11244,12639,19516,11858,7655,42,NA,19209,12361,9028,17030,7375,12252,16894,17135,6402,941,9887,18896,17458,13022,10737,7641,373
17741,9474,14939,17106,6989,17753,13609,4077,7795,15421,19098,8957,18992,13925,10015,10863,2759,1692,19921,6738,3339,13394,16971,897,7336,16402,3546,5803,9824,5328,NA,6644,NA,17039,7418,NA,16902,8937,11504,15385,4135,6688,16063,15730,1480,6675,19602,11078,12684,9350,13829,8826,2236,8371,16357,2216,8958,8329,13760,5149,979,6791,NA,960,17162,7246,13565,1782
19081,12437,1016,19968,2121,656,7161,12010,7939,7549,17636,9026,16407,11860,9248,9543,NA,3287,NA,6492,8919,16816,14647,NA,2577,397,16009,17823,12743,11495,3262,7151,8183,5957,884,12632,18858,14900,8472,8967,9976,3331,5451,NA,19400,5848,12029,17487,6009,4478,18211,16552
8722,1661,2019,13019,16642,7461,4980,12566,18148,4019,2846,NA,5333,19957,12109,12551,237,17902,13620,9283,13026,17446,14526,13289,5974,6859,44,16359,3183,19303,NA,13073,668,15113,16710,7858,4231,4613,10311,19133,6421,18962,3737,3343,NA,1099,6089,6279,15546,6850,5947,NA,11443,8545,18300,8909,18219,16145,18958,4251,3318,10136,16636
11004,4870,19524,10503,2021,5405,6178,17391,14683,16785,3190,1198,8604,NA,17074,5803,8883,18280,11904,17261,8789,1792,10188,22,2790,9576,12778,NA,14764,1395,7701,9849,650,17007,18394,16940,8683,17870,14546,3602,11711,762,12357,NA,8731,16263,11070,13415,11366,1267,NA,18447,2050,NA,3240,13107,5203,8111,6713,3006,19561,6180,5807
5740,12952,3440,3031,18883,4950,4754,17977,1768,3768,6646,1293,14624,1236,11453,17769,7332,NA,7552,2632,2013,12454,7894,14457,14138,19485,4583,15908,13324,14114,2658,1147,9198,19346,18755,16305,12635,10325,16466,10253,1128,15894,5337,13316,6936,13016,NA,10110,5502,17594,10644,1967,15404,18144,13521,11818,17979,16736,10121,13494,10773,10264,12580,4139,2068
13202,1887,16340,8134,16079,3657,7123,15118,4737,1121,17115,3161,7668,7661,14536,18367,13800,13764,12219,4362,15225,17093,15539,18278,1225,4185,5948,18135,NA,13259,12817,6896,12477,17026,12464,4929,11718,NA,9667,6139,3337,2953,6501,3244,19011,18126,690,NA,375,10284,17794,13478,1172,7545,9583,14416
11361,19130,12949,13511,16262,5559,14995,18784,17321,15225,9461,4482,11203,17525,7139,10654,4578,NA,7815,2181,2824,NA,6703,1106,16626,NA,15520,10809,5268,NA,9328,7532,9771,16047,NA,10364,13327,10393,18515,NA,6544,NA,13359,16278,7820,6330,NA,203,18434,13926,12982,11523,10716,NA,3597,5407,5978,10071,17264,NA,17276,2863,10151,4511,11058,2347,10591,11506,19486,14702,14314,4236,3005,4163,7981
17785,13949,3562,6202,9587,9255,3312,13486,19883,780,19938,18691,15373,9479,5837,3848,13201,1080,12876,13039,4639,8638,18896,2180,1901,16379,14221,10211
9094,12285,16566,3457,12634,316,7347,13538,14995,4768,17587,1934,19824,9174,19575,12464,14926,10369,9487,13821,2064,6
3826,12987,683,6465,15000,12584,3679,12530,8397,3065,7240,10801,14784,5918,12747,NA,14426,16538,NA,18044,13054,19890,7442,19238,19368,7970,16600,17400,11742,2006,NA,5683,15451,17902,6254,19543,14083,15738,14382,7597,5852,18857,NA,12100,NA,9476,4291,10937,9921,3675,NA,12638,7189,8010,7302,1755,12067,8573,8421,4575,19778,16582
15889,19796,10981,5137,17433,15192,8133,1201,7100,7296,4683,13094,1798,6189,6882,7865,16819,6872,555,11478,1834,7537,10703,19298,13304,NA,15157,13173,3372,2486,4005,568,11811,18618,16084,7594,2915,8130,9194
14038,18749,6137,15275,15480,16161,16595,13285,273,5309,11032,2219,8307,19390,NA,14715,15689,9590,16678,11988,11374,NA,1761,6968,18793,3305,8714,687,13946,10577,NA,1829,2786,9066,8264,7093,4200,4582,6319,12282,367,11940,13906,3633,19613,11455,7907,17451,11675,14249,16978,2842,2952,9293,19544,12683,4030,11848,12791,NA,4847,12311,3462,15558,6135,18076,92,7875
5310,4640,1619,17241,13040,14265,6131,18462,17054,3457,17177,NA,6620,17478,13021,14680,1458,7427,19434,6651,7391,5127,1314,19905,14881,15116,7164,11059,14176,14694,3817,8384,6347,991,8679,433,4075,6747,4733,2966,11323,16310,12458,5746,13419,2222,1493,157,19849,15597,6529,16312,NA,10706,1747,18954,11607,NA,11603,4463,NA,11905,7967,14103,12226,15285,6221,NA,6429,4509,1678,9037,18791,17508
3949,10332,10737,4858,16752,6972,3215,8227,15102,1046,16747,9345,18331,6604,NA,11808,4328,11512,15256,11796,7435,NA,1350,284,NA,7256,14007,9606,17255,9758,18059,17596
6651,12638,11608,16738,14383,954,14962,18539,17813,15170,3607,7092,161,2630,16961,16259,4149,14948,16476,1501,13782,6449,14222,7124,1707,645,13594,6992,18094,14521,NA,15404,2031,1149,16697,15061,12474,14125,690,3067,6038,14947,6741,15187,7391,385,8283,13790,15403
19500,14959,1506,5705,7898,12558,16231,5477,11370,11458,3813,NA,2292,2535,4990,11621,2315,13457,7464,9470,18321,10308,NA,12286,14970,9106,15173,17791,13050
19110,6953,2363,14424,12325,8720,3233,14926,17794,15998,7402,18754,1866,1867,4768,452,18964,10285,18441,13997,NA,7517,16195,10238,18790,12402,5172,120,11667,15273
2039,1320,16826,12889,12969,6635,19985,19943,8749,9758,4831,16434,13718,11893,15471,8792,11716,11542,4616,8666,13181,16482,NA,19381,19804,15233,2481,2526,11667,NA,2773,12805,18791,413,11118
10174,250,1540,4343,1501,11142,12152,731,15250,8117,1002,3922,7654,17098,1280,1727,18340,14148,8975,18687,17575,13448,14913,9766,NA,13135,4385,NA,14605,19198,14041,1334,10569,NA,16699,17060,1023,10777,12250,16671,3960,9708,1001,9199,550,19611,10460,1379,19242,5442,16662,1513,16953,1822,16401,405,13265,12263,19332,596,19879,19259,8980,3913,NA,17687,566,19406,4495,4741,8122,19247,6051,3547
5284,13256,12584,6344,7214,18792,16853,10835,18517,4817,9974,4244,5281,NA,9018,1178,5619,5753,3696,11680,7310,16465,15234,6082,14929,6269,15543,14497,5133,813,6429,17637,8410,19172,NA,7425,12953,NA,5384,15945,NA,6785,11755,7189,16147,1681,NA,6620,10405,10874,15859,19046,3351,4385,4695,10160,7932,16590,4935,10746,19258,8734,16839,13555,14360,9308,7615,1682,16172,5205,3395
9046,7158,8977,3269,11905,6008,267,4857,2602,10687,18905,12280,14742,701,4926,NA,8777,13492,6652,NA,18080,12918,6037,15062,11723,3480,4743,17166,7077,10899,17100,12,13173,NA,15986,4937,15228,3452,10909,11014
18464,18168,11118,15249,16263,5277,1127,7728,1293,5531,16006,7773,NA,14017,1830,15141,NA,15710,9742,14206,NA,15354,7553,17174,19080,17516,5638,3354,714,NA,8946,14352,15329,2631,NA,2951,13553,NA,5004,18102,12169,10297,19642,19061,12584,19543,3760,13685,9483,14955,14375,10724
17311,16254,6958,15802,11487,13285,3002,2235,3975,7639,15782,13982,19839,16876,10617,15100,17234,8011,10441,14236,15012,9197,17495,8693,2226,6618,17678,6172,15664,13989,19606,4224,3590,16113,13835,6060,12982,18348,9824,13282
17288,842,231,10057,16898,767,6446,19022,12689,10979,10026,7043,4735,16866,18332,4670,16394,18511,10778,16380,5132,17583,155,2095,4988,NA,5443,9774,11374,8339,2625,3000
18368,9155,14597,9604,989,17523,7472,11319,8947,14952,18816,3068,807,NA,13235,3631,5197,799,5281,8246,866,NA,6612,17552,23,4588,11490,NA,18239,4926,6333,16334,NA,19086,8952,13750,NA,19620,6582,NA,3823,16752,7001,5768,4947,11865,NA,3502,5047,17085,172,10712,7882,NA,17390,13492,19133,5276,17062,10107,4915,2984,3014,12505,18278,5940,10460,3490,9548,497
