15182998.049180327
-50949301.68253968
-251652828.74545455
-20716227.568181816
68493489.41025642
-33487849.20547945
-174765873.37254903
326428691.28571427
13287458.869565217
385914556.05128205
-171806549.0188679
-64990279.885714285
324727538.0645161
-108493675.37209302
88847960.74358974
407837698.83870965
-209012035.06756756
82113118.96
188992220.94444445
69248798.57575758
-173342757.8974359
77488045.87323944
-253424881.83333334
87047646.44827586
72634524.62
55444270.80555555
74625249.56363636
199470014.7027027
-238388855.29577464
386837286.8358209
95463202.7887324
-19660413.69736842
226215023.36708862
-38149090.78787879
-114728227.81818181
254373716.33333334
-102567621.24285714
-489098188.972973
-35310521.07317073
-55640782.26027397
84626482.01851852
-248447680.5510204
120821721.4054054
-244611342.91304347
-365610919.9130435
-137191911.86956522
-5148941.148148148
-275105816.943662
-463398414.84
62780013.157142855
52311905.538461536
-152536425.6153846
-31671873.833333332
-181833131.9375
-466873872.6363636
100159368.72340426
58840409.782608695
129189084.36363636
151631419.7755102
23850095.47368421
-112387109.875
368067458.6818182
118432205.01282051
-55731710.7761194
-307642249.3548387
126585152.70454545
-278052173.87096775
103161112.94736843
-72219587.90666667
458289878.68
-73817013.44736843
-40714457.0
-26544827.289473683
73981197.62790698
-390407954.8
377484859.8684211
162084730.453125
317090354.6
173118706.56
-357372581.21428573
-47005112.14814815
-337002.8846153846
-99051655.10144928
150878574.6056338
-306848816.4054054
-10800159.545454545
321271740.5862069