-1372679001 -1784953720 -1971965919 -1951645086 1080497395 1582281721 -824703472 122022000 -379984 905329571 -1438009980 -1191618141 1816261076 899246671 -1601254090 382986539 -1625122823 -1650086422 1013352835 -1844739016 1253771052 -1643465264 1602569054 -1630394399 1888011012 1410446669 -1606329720 -246394553 -235271946 -218707361 434638591 2081672186 1866041575 686525632 184679859 1764917915 832869123 939854116 -585747329 -1455999551 85315276 -1174950721 -420081322 -1276625632 591122293 849863945 76243132 89569000 2144606577 146700229 1355116408 -1348023958 -2129105594 282842942 785974151 -572007679 909470630 -269093164 -623742893 1482548271 2071914175
-575129051 1561018374 -762874671 -1330207248 -1569719081 1918672584 2022053889 -2082656856 -1652651571 600768209 13504365 -3321693 -841518811 -478031947 1221207423 -1364911090 260008492 103130021 1882066822 -205783429 -1123528940 182063894 -534400382 -569799127 1512349667 345224867 -1334615746 -197398648 -1828994897 -1060283598 -1897175132 217030651 1355245320 -573189034 -171149492 1414703327 1070983860 205394164 223988053 -593920309 479489441 419517992 907348344 -1874063079 -536932585 54248553 1749245530 -388641371 1325702700 -1226732822 1682580256 1093377236 391020413 -1070895805 52766280 403118552 229947930 -1349288112 -939425353 -1218016463 179396546 -829998247 1898274829
1990575183 -1079880077 -1879162048 -688311724 -1107871629 -191367387 -608919448 -2070176297 1932540836 -1373228467 -935533353 1059675112 -424781484 -909512124 181090412 442727446 -281795226 -1549292480 -854552280 8892824 -1204155428 461342714 -402854911 1904278930 -783292460 -1882595952 774618870 604125591 -930310732 -1132253781 -2099447709 -1134541201 539489444 -1711474716 -1246879850 236577561 -265352388 -42265757 845965985 -1353224173 2013873022 532377033 -258876047 1502421720 -209653242 -1224715185 1821165087 -1139905111 1399889023 -787240145 655501958 487169936 -698764455 -2143570110 1370553109
-1337937224 310402538 753213157 -1346965886 -160047441 1730805553 -1203327731 -1741767378 1253117613 -380547534 -765270219 -391356427 1817852983 1105841079 -1198405271 1808080582 -29374249 1579599651 150225711 -2052858960 -1114198188 2058684818 1458859482 -1931498330 -600828894 1866567486 -27110368 -579089022 -1634539236 174584612 -270721302 -1956237748 778016880 1655271654 -1948140693 1129980347 1565453017 800563443 1976913523 -1285492741 -327377645 -2039721244 1458768133 -2021502544
1400515113 1735012902 -1345120454 552010583 863494372 -344819209 -751796166 -608330907 1956795668 -1612060154 -639957163 1506152694 902808566 -412023072 -1257527753 -913583028 1758517159 -886114582 -1865755173 -1977808222 -1826460915 179356272 -1811886328 2107416156 949823480 1374945534 472567582 -1377264002 117334915 -1663137810 -426154734 1292018018 -520627008 157937218 81267382 462364325 1915371923 652409267 2099154493 1536947298 -850879010 -838186742 -2035216386 -1406301278 -387901218 -320548947 -451176328 773148690 1881777364 1994389116 -1199404394 -880054538 32867559 -271157795 1829860915 1160843614 2061684040 1002454293 1277562591 264209814 -2028125801 2125003481 -1754445085 419171298 1443247493 -1104274652 1426386562 802110058 -1394125895 -2004988341 -602667135 903490675 -1479512329 1642196302 1467030761 265482447 -2028027521 -227225744
-795546729 -416399693 -2026937080 -7986235 543760150 -2070160645 753281945 1800805122 -506097657 881454572 -2033987808 1115957126 2122463491 1539707559 624135341 206157803 -1128971980 -205378945 58108469 1507261414 399469134 -146250274 2054756262 167997902 525134272 -320047256 1143377210 -80000929 -1755438810 -1598401184 -1933395185 -583362374 -277943808 197471563 -857973257 1840495792 86665385 -583045678 -1751364211 -1458682561 821336705 804195052 1538185096 -1623173796 -760081556 778002492 -1978205101 -191077134 1179229824 -496740937 -1021288228 730443818 -2049788423 798534281 -1214379604 -1229072659 924780144 784042553 -655281353 1475506342 1383887180 1466945546 -835396747 1299814476 -1938800008 1361157284 -710946640 1707127967 -1157395114 -117628428 -1208460897 -620691279 1279517939
236047028 1062312103 -1105534085 20649949 788372658 709299904 -1026411282 -1142753996 -434186111 1904790678 817961235 1368864835 -739775419 -1383807836 301699245 631938673 939015596 -1762772985 -1582650900 -2021158651 -1999630969 1631360136 -214392794 -689611577 832995484 -701780262 -1963801914 1999028200 -1420369479 1586421023 -1284614268 1853420062 -686329588 -639846992 -1508054058 -1659335917 -1979886414 -1343130083 860866981 261352191 -327778675 -1277012366 -307133628 1379469715 438016858 -1952691012 -1573401955 1180094232 164192001 1923941579 922683308
-2062433745 1866272824 -1130077647 423813564 -32832223 -886140247 1439314593 -108727242 -1668576317 -1195119021 -1833038243 1687188065 1967056633 510014656 1794564902 -408522907 -1494114501 1079730130 1049941455 1590607136 171349095 1303942919 1450432563 74120450 1046611666 668796157 2096966249 -261137608
1166410040 1140013878 2127124492 768212564 -1940549085 -818504766 1511998346 877644201 -508523692 -247858545 -1114026137 1358631331 107596820 -1496950362 -2146477282 823500001 -737910243 -1676676078 -1559962020 2111146806 -290548571 539985554 311334302
-2135680101 2098917257 -2032937705 1709322901 726009648 -59549127 -1231575594 781276141 1499143064 1412327728 1381241128 821385950 -464280303 -595389439 1127497274 1054412188 456656932 -774230985 -18856445 1253392707 -585526742 1024310663 584573280 -957262033 2039565841 -1723744956 373773696 2115877770 1473306976 1414774039 -367771007 826226981 695580023 747017454 -1164560293 56309387 1519317275 -1091946444 1061762557
-129300942 1431251523 688289461 -1785264970 -473311286 -610777578 1093808596 1382474848 -1831027617 -2110468797 -1575800687 -7406454 491642973 -776474073 -1267507667 -1247138232 -421737245 555897186 519485016 -820877537 -457828663 -2134569339 1653093843 1906732762 -1794606620 904759306 1125298517 146685597 280618120 50583172 1052096178 1311061306 -1100794035 1270188823 -2046501830 -963461949 -1293828842 6906153 400695903 210711903 -1824940209 1724897113 -1452651622 -1522779807 896850549 -902831185 -663466354 1918144150 1860073179 -867289323 731072108 -987146018 -1649276502
-1751349863 346513917 -145505752 1265073284 -1901482354 -305624398 1789232957 1625193295 162068224 -1081951991 -1403918029 877464659 -99878592 310826989 -2127696963 -1338488735 793229283 -684213247 -1923158982 1329018914 -237062235 308937135 1442981946 -858672568 2111329162 16464000 48736320 -172857083 -1625903290 207613870 248156873 1239931584 489614302 -1272088585 42806157
1753055886 194866867 -1549860092 1614717118 1097525741 324429352 2065177131 -1823038816 1802692942 547766045 578551431 -218131736 432225897 -1861220436 1891902058 1409732934 -1184073413 886600540 377550196 898937367 1198141994 1918451822 -690650788 -1881778726 494272107 127213175 -1123447056 -2010577956 1374340776 889907758 531273562
-1825283108 -849325433 586417572 1807283449 413247105 1047083776 -1329886083 808629927 -2027082771 -627937478 2091291708 -505639964 -751589895 -83133494 -465959643 -2114684820 1851029731 -1670070191 195424747 666200903 -853290123 -963375415 105047670 1730535483 1092855142 -454857695 -1395728666 2125112450 -1427433473 -2030909940 -942396714 1337242301 -323326719 902738454 -1165704988 -1596171736 -1322031163 -466908680 -168245647 2116756750 -624122715 1261795628 1181175717
957907610 1792757698 -539190347 -774244546 1197376294 -1686950284 -832482968 -1134585345 915424372 -1258987528 -1162182698 1362845394 965835197 -419761259 2032297843 -1615538726 2019329516 -378344199 2127974219 -723992253 -1694262140 970595656 -1772754290 -44308878 321424577 -2131822216 754258511 842874493 394500861 -224656933 -1758931064 -9029155 1001655381 1114148605 671428961 -306246814 622545036 2070484911 -202323023
-1372735954 -660257693 1390983620 -920019899 -760040200 1669030843 2080772446 -40147700 -1558226313 904795227 -292310528 2089983855 -1043475218 1883387910 1562557545 1765336064 1015912572 958432232 -923763105 -2048669794 -31016322 248463920 -942090578 1842678059 1210916658 -1404167966 691819889 1122199169 1009147292 1197926890 1995545743
768572844 -1033625485 181257352 2026231613 1702753440 -162660487 -2016949903 -559426753 -479624281 -1365916260 -1552464835 59881707 1096998086 -1775322569 32437309 502059258 -900386305 -847087695 -419963671 -1495205609 1949242031 1504642834 616168416 -815678578 1806777143 491954393 -1255417043 -523719101 141048543 -1424873716 292717515 -1371386652 603984886 1866771599 -1527802773 787595874 829372989 1778359737 -1319927693 -1912384100 -261581947 -765174236 -370787510 1831628125 -27631979 1758031812 -963062830 -359440504 -1170594734 879130426 -1483291595 -737640558 1102845721 -1144278678 -264898076 -1575149521 -1349090193 451063370 546363869 -1522762673 156777692 1723819261 134595884 -1196049589 1919096339 -1536821985 -1802772045 -1025145765 -1626739882 -719672990 -1417336020 -375335605 686014488 -1240002727
1172967534 844884195 1406679187 -278191888 -720079406 -979280261 1474787564 1233751692 -1492550731 -124412092 1950365215 917473156 -861488586 779993824 -963994466 1110289609 895639119 -952196068 -661893723 -439146375 -1680910334 1159152908 -1347593588 684337321 1685698514 -346369677 1820402012 863683173 757526388 886956905 1646780069 881492212 -217257530 1172368951 1968638094 -1481693857 -1739706880 -713297019 2032387885 -2056299980 188252712 -2077366601 898375193 -212574329 -140066613 1651794579 -1368351940 -759434439 1136514537 -1586064090 444178157 -1448478340 1615337264 1125680616 226529597 955099541 -646878355 -1132848610 -1966696304 233194212 2044327231 540507007 -1245207185 678399521 -1893976819 -1292450534 1980884893 -1757499672 2134824505 254351990 -1200160665 -1434711690 1633262485 -492598022 -1217558976
-466084075 739668879 1657712012 -1377922955 -1556326202 -441444221 897919676 -468514820 2003706111 -1750998608 1937744282 -779654976 667165141 520967901 1820997093 358591858 -1685722157 1850780259 1322783008 790854974 -747757078 1895868435 -1220611674 -1458172079 489615526 -94884265 1119098626 -64339301 1349141667 -2034002538 1035673469 2042228181 1062368318 313567709 1349298935 1947446213 -1489022834 -1338893637 -373041414 1180870592 -774975083 1418691947 -1069619188 1655189104 753390002 1825144120 567325764 -642316585 -1972859814 -1498728931 -152722657 -778250349 -1900948473 1769584043
-2098848669 1658532719 1072344623 -1554034332 -789745687 -1016369671 -485791725 -1807864137 -1657852495 1916015468 1029856644 1612332772 229027954 1353063145 354184277 -1954833008 583708818 -1830766309 -1379876318 1342248185 -283998481 -1575295572 -1678448968 878600851 1346787292 706429946 -628324172 354529492 1048078953 679043850 1974923369 2121685580 765865959
-2116666106 -1142404617 -236732502 -1809089472 -1649750024 -7566122 1792854800 -271842360 -1522562419 -618075973 -1901965886 -942143105 313115097 1966967909 1567391289 -508716104 -1921381155 913386700 -1133723004 229522538 2011779300 -2096028740 356756807 -981650468 -1549815760 -1520671832 241911558 -1312564580 1705590486 -1586932553 1864771491 -2053370187 -871980570 -538710237 -1148705755 1662011424 -309986098 -1562204477 -1019898694 2133065850 7524607 350616549 -71141634 -1546755593 -864963632 -1895840415 1315631229 1450996118 29818531 -581138454 74642806 558835862 1117117766 -767922521 -1106044958 -945999577 462904986 872331521 699712180 42416741 -1885377671 -321670722 1419797857 -337045631 507496405 -1773763762 2137281441 467738177 -1606974948 -620921499 -144482953 46823594 -429951773 1494523849 1885758319 2115919354 -1884635454 1782021740
-2055510309 47993980 -2006134083 656996367 89223382 1057034595 -1862709702 -1130845069 832816389 1288694266 1594131017 1318090425 1681552908 1762141403 -1492913848 1850461927 -1044960951 -1895842341 2141035746 -1497184152 -1483686070 1225938795 234136996 622394383 1027379071 -1396482495 -1620586545 629313115 1409493808 543966006 1928528239 -612575748 644471728 309981042 1038224812 -569612650 284774355 -1530210619 1402233183 1401586628 1304243356 -1678685096 1542874344 -1196933025 1230992699 -1472987772 -649156802 1005440511 -1082261963 -2023704831 -515234233 375439553 1258774500 421779523 1880377449 -479966390 307239970 2111379744 -2080613536 -644696308 879225665 -806320715 -1242321839 -1937793849 1497523261 877450378 -1806922465 -263806637 1875211316 2091809524 -2100045059
520313110 -1433328710 48486981 1770406124 -1844636776 1863805947 -794264697 1248612463 455443565 -1745155505 1438277091 1394622196 854370488 -533347285 1035412123 -1065342479 -979523141 662295945 80930275 428597449 -1158564908 -606687545 -1144524549 2028056400 -2015049558 -1085199153 -448333441 -404829042 867762339 -435900553 -1067744771 -1701744190 241692569 852800043 -564318264 -1845043798 -579264308 -15938871 -213898741 -2107652095 674225689 1724330700 564385312 -407238327 -1401833876 -1227866453 -366967518 279345866 -1242925198 591357827 -2075531584 -355577127 -670462317 -1771779341
1859879261 1690305823 -2009840313 1697664819 1206636687 1420135366 1162185175 -2147176122 1762577920 1419659597 1544740273 -1066563879 -1664434208 1753374847 1972787317 1796768434 665135740 1424187744 905957248 -1371703963 -1955616248 -1961158232 -784609459 -1017752346 -1914559330 361920623 1470514967 -1869108896 1444386950 1709603108 -674641215 1388475204 -1038939465 -2038675005 -457797894 -1612325213 -1010411106 477438023 -611679332 1446533056 1819080733 -1593478308 141963349 1553257697 1504236758 -113604008 304101256 631400805 166719912 74750060 -2080136331 -1468434917 -1984073863 998954774 -75275882 -1963259184 1222709814 535974873
-263959255 1400144151 177694000 945783482 972093619 -995244249 547683007 135110385 -629322696 -147138557 -2139865908 1192262221 2068379732 -1622532895 2106732268 -1684088802 1723982663 -903852589 1466976769 -2067632503 -1470704117 1717312333 -969916061 1144493488 1161782953 -351507484 55207772 1047938321 -2077772857 1791373912 1272014042 -1165819093 1940112773 -1758257196 -418564001 -1813206170 -650664054 828552819 1498591291 944123444 -637628327 532381702 -409218051 1824108402 63744488 -335385324 -273092313 -1169905900 -1219735693 248160289
-972888063 978375821 -100652749 1772441198 820556092 715532663 -563841647 -309020892 766127427 1984295092 1207662542 -87311720 -1097792581 189782492 -1076573179 -1826304935 1441194316 -643017296 109861989 -1143654817 1554389450 -1893861522 1452427759 -572830588 1250936981 1308039015 -1744691842 -698883277 -2099702975 -202470706 -171080441 1383857502 -141069704 -488143663 -981524190 1875830197
2116941037 -467786039 -450877676 1585263031 619312766 1141102942 633083964 934582789 -1549654635 1694507250 -424612155 246719733 1003351309 1379582147 1214090579 1695441595 653664736 -871173625 878870791 860213051 603160502 -1072208153 -2069831112 -1087818069 1035983550 -1437795891 2054818915 -836255627 -1119348031 26905826 1497260383 -171228063 -1745202316 966057426 2062060500 -2011705869 -1129542131 105730514 -2044332818 -925535727 1160648728 -2022507037 260333900 -772842775 -979473526 1866821463 -1599608514 173878801 12715030 -2083719020 250331184 -222678801 322876863 1707378199 436436832
1680758958 81608636 1381623767 68118657 554688069 -993756613 1363496854 1678870027 -619961485 98090229 -637981170 -865148545 -1257958327 -2147295247 -1130398763 898227174 -96799539 -504068576 1954273687 -576369745 -2051218674 861763560 -777670070 1741669585 144107128 297640415 1577438373 1534639926 2030116969 -1919829033 387383250 197607255 486076931 -51061734 28376929 1428153635 535178051
-1239453056 2109900069 846960466 -949966213 1748421225 -1438273564 -1490847205 1121879682 -197424101 842582925 -113388771 -1689837327 -444071604 177972175 -343967359 -1910542786 975668381 -312175610 -149002897 -662571471 1180556559 -1120096357 -1016546660 -295744275 -1350280011 1697352873 -1054250969 -1151428560 369997483 -2090691356 -669617755 1189782745 -31670202 384958646 -1280166534 -2101587798 -1809215092 405790890 -1714797462 -1459925937 -2097956634 -314844915 -1806459281 -652576353 -1732807149 -2054130734 -200447796 421882401 243740768 725429430 -162500255 1216922064 -183919595 -999122012 1745032001 -1313373662 1492140850 -155426471 252596353 -844398266 -696162981 -455427509 472528210 123703725 2043372303 -1024992313 -442181550 843455948 1338452000 1217625944 1109953566
118638943 -788447121 1840977451 -1275232400 1950402966 1367126080 -327614762 421070680 -112084550 -167754775 724389561 -1606118138 1624320097 1119518937 253185343 -987715521 384111729 -695268497 1899304058 -89855835 606754586 -95978527 -276623821 1945657147 1931589893 -721281697 755871298 -153795544 -1203984691 -1767179401 -1179386336 1463116986 -2120468306 -13770309 1900989882 206595502 629965179 316027296 1222221191 1875207597 1492211925 1681633960 -1535666724 -1386363878 2021201049 1617543363 1946165118 1013911562 62711194 1558215922 1248063865 935224211 1740491663 -1897536467 1475651631 -567824567 698897487 2056712327 -576308813 -1989166587 1790483003 478619791 688053079 298834152 -306498054 79642872 318712963
-2059462805 -1546537861 275102408 -14079768 -1705543209 616986107 778974004 249849683 1041000294 -1223876374 2055591143 1159138893 -1769242668 615992299 -963381018 1065864026 202503780 -516759112 73319214 -612587615 732166932 1842783302 1885425932 1845246381 104137489 1913732646 -408553301 1531555697 -718822291 1194165806 1380740590 -1031211891 -935134962 -240854696 1586290816 -41387825 816233705 -1373458711 -1954126040 2021808891 1327930224 -722810155 -113750943 712965070 638083145 92648033 -1326772183 1226784064 94895935 1420642058 1212625689 -1036717558 -1941985411 -1045582939 1587879605 1727283559 1514231288 353163207 -1862091003 1609630493 1636997933 -1433567898 46178660 -1832429634 -36534260 -1563941696 2031201431 -1166081749 -1445136845 -958422405 -1843018208
1513987935 -1450947571 -1194788652 -346999465 679000095 -2050257315 -826937173 1621301903 -415890998 748145322 -327950377 -691094453 1991673778 1185324460 579150103 -1441393797 -1026786407 -98962184 -1909642420 677442229 1796203875 -256731480 -647386548 -1777659780 1518475789 104398650 -81538827 1427239364 1618816477 -419710536 -1352910715 869824693 15455707 1528337945 677699881 -540140625 -1332122497 1186488807 1063397331 -526120818 53546411 -809826527 1417987408 -1432700882 -1635910182 147600738 -604231015 1444329009 820957338 -961087166 -1799238040 2018746623 58720823 1364256251 -1085063154 -789010930 -800458568 -876890801 -1787161725 -490602910 1245290511 -230260311 1318976190 -1096339625 -1489365621 86376066 1192140871 -249687138 -1484188016 -389197050 1635260169 -1936265084 441919114 354908918 2039346028 726539130
1720406479 455500195 -1454115887 1622418851 876784684 -1698706111 2121544900 -17161007 -887151768 -385815022 -2102271045 1938842038 85817223 -479441368 -2019729714 1671281904 -876434602 -1501717197 1360940935 -1343641320 -538165552 1106797846 -509377044 1135739772 -377541694 -1131088970 -867762245 389628945 435652786 967937556 -476798985 -923584345 1083504125 1333477533 2038848163 -1142571170 469645631 -1084038976 -718219059 -113888168 -1376212234 854070209 549968077 758351535 -260679063 -720539955 -11415858 951593129 1107823558 1785070669 416713101 -1514254550 1357804682 1205727870 642572128 1018442857 -103261659 1885652801 -2008569990 1455772135 538015452 2092551471 -324893843 -483867237 -1027585807 1544001008 1819491567 1775523441 -1408290814 -1459792436 1418509280 1475791861 -570458962 1122624642 875354251 965971275 191583870 776304472 389975596
-727344127 -514561933 3035569 -775406999 1685397816 291413864 -790196028 1011834497 1310388276 -1466142958 661036297 -36687949 -169250819 -1380778843 281446308 1427274019 1173132726 -794328061 1906225405 203560838 1166115838 -674099890 888279239 -898417967 1337867416 -288528450 -1759086019 -191066318 -277854131 -1695842893 -1719246674 316047683 -763135728
-126099396 -1095888515 806365795 -1638443333 191696608 206367466 1717740538 -1779196782 756930992 -610291426 1732477597 159743071 -1627655580 1153349991 -891073710 1212186943 -50491114 -1467178173 -2092331846 1844345901 50597448 -977173487
1740208347 -1807771349 1926273547 1997140063 -673207354 690064926 1635891828 1363469307 829402500 1161769332 687271693 -1642538605 -1472424096 -1537289606 23721677 -800665732 1813959976 -117073225 1500814800 922067267 1116717124 1870433653 577904783 -1908802355 1811634186 -2102953088 1068961360 -364509761 -335238319 -462360787 2118147808 -1805300961 -1431386300
1733406592 -1408240837 1898266487 -1896881598 -611984612 2108309961 -855858369 1213466018 -598449726 573824079 1232368701 739137627 591483729 1635545285 -456560068 658923878 -149638800 564765304 -113225668 -1722636641 600931522 892625200 461252302 -1282878844 -1863065257 -1035858283 1665480610 -1379667395 -570345883 497030606 -1241393570 -1727918117 -689191625 -17901206 -1795388752 -137712412 -747140251 -990700669 -1866219610 1327751439 -34837436 -690797536 1504744508 586424651 -1858763360 1803037147 -946888394 302707462 -732652632 1772044483 -1984968656 1491799978 -1676947415 329667459 975593459 -82527125 -1961944833 -1745409341 -1673965047 1228364351 -130930233 -595867955 64290195 -878874066 404669657 1189744500 2080174937 -1550401077 -1066752139 1463819824
-522712063 1134789947 -2085058931 -12045755 -1191136750 -1537554720 1745895622 -151493761 -202221347 -945684450 1802377901 -1371875321 -1482219937 -1325117204 181785293 -1589458465 -1107876997 -367516177 -401653295 -1298350227 -293179907 2038959151 680277543 -913151926 1394632412 -1607955442 190703072 -433130664 -2057930561 -1852031115 -2097866023 686436889 227250882 -1738107057 225869087 -174973633 -1645309063
-1625383025 -2106618242 729931828 -2121435525 -1144540483 1998341033 74361988 -310613709 -2124611049 -1219657988 -641288706 -2111050544 1931910985 -1506289482 -1413515202 -1784126267 -6692894 2087065067 1050549550 487517309 -1778282186 757471383 1413197192 521967500 1763378822 -1622393610 1048397208 -1384840921 -839686818 138328082 1653887558 897441494 1159910462 1027591068 529996371 1028950631 1312386940 386327295 -314435613 809350950 -200529816
-440998341 -1220622774 -1160908112 1622772429 -1089091638 -241996111 281273350 448256479 1008404589 1554623439 1311320575 1796932861 -1917206546 930686948 -1966998978 -1704863714 121747661 -123038355 1441456337 1135737254 -348750013 223783900 -1830547238 1519163456 1155128451 2120989578 619617137 79667696 -1983102398 2017725676 -1614040887 1514854503 -1270224263 -1578729723 663506833 -1332652391 1102294889 185473307 10618524 -1163568243 -562110497 -2136177747 -586699581 923102835 -392719431 -899244893 -1352453366 687812603 2012562600 -1614177593 393213185 1516072163 1926868790 -1393920909 1444096876 -1907604014 -1003601910 1527283084 158491941 -239632284 116691307 233271470 -998364607 -854305403 -1778205438 1629771688 1474375026 -1194766078 -1551071773 -1660156118 1718005675 -579070371 -997810482
-1695483383 1974869728 -1191079759 -1335175694 -1539108367 -2083601164 1886258545 -792409122 2037320565 -1088802638 -1617659159 1635513797 2062327291 859961786 1109828146 -743753708 -831398112 363172420 594603812 -1996088172 14829529 1810747252 -585688035 422511836 407267291 1440752369 2016323072 -2129031160 33614653 137583031 548832384 -213833817 -979642790 -1074727892 -979656034 -1886984199 1423121404 2064345969 1953356656 118052697 -735055434 -192743429 669089571 -25452296 249202320 -168317599 1198892098 -1213643061 -1703018519 1327562614 1834469687 875462342 1198842009 -896531302
524070730 -2077082027 -140310195 345337481 -1916420389 -1421973161 551962884 575411263 853551893 -10229186 -578363328 227752264 1558256352 -1139541454 1228557275 -2133562644 -1110908958 -690497205 -1857156700 -1997448021 712088373 1008117555 -2068304338 -899667071 -1766393511 -1144151543 -1724185627 -1330507413 1288255852 -330109048 507184993 -908899031 -766708840 -803646360 1879561470 2113618500 -234073396 2045607428 290315179 -1087367854 -1139427923 -1752448452 -714086142 -5158792 -76617009 787970460 1256514201 1641094191 256080927
2041004183 1308407883 1760017828 -1102289429 -997646967 1496277305 1064407910 -2063629305 1444474742 386743688 -1606212947 1276875695 1475362352 1269198762 -1594695058 1014018459 923200237 699107322 -1916813566 -1493229239 775609621 1592300289 -411613927 461295324 317007964 -1569961996 2006910957 2143456065 458424339 169155457 -1055803718 -2100271469 -846591045 1754675914 1632867692 1346030784 186970331 1705161393 1256803482 -1294186388 -292674029 2014136150 104285363 -1949167595 -475241616 -1181761571 -1138818954 -1313881737 -1552595968 232041076 -957142361 -1498878159 -468718423 -427107181 -357414145 -1324129113 528141366 754594693 1610831459 2054112298 -1773877070 1795512616 1030655577 -1940888746 203124217 435982576 -486513737 -1839822405 -571149941 828494129 892031132 -619153985 1186340771 1526639773
-239088701 -1935571576 145805322 -152484266 -2058202237 -1730253534 -2091247496 1550086369 -75028542 674987471 -1515354798 664153352 -1177764827 1916409463 -1855812876 -1157960103 974052703 1051505885 1307347309 -108956252 -1474687090 -335282632 -311661691 637083051 -362025244 -1240777471 -613502463 -2100576490 1679193737 -2020710386 694710053 -2099421271 1465274816 108070624 -1693845895 1398481080 -405103800 710838072 2024162512 -1259986727 1119792900 800184303 -1537579899 -937540389 1058861533 -742695673
425466871 -685001753 -1972793092 -1372773224 -928492731 -2059169598 1758062432 1131577169 -923636623 -599723454 1226622118 244813417 1936698286 -2052548270 -1114595523 312349878 -584683287 873550101 -1687839264 -1976808078 -1137086398 2077438029 -1300478164
734625207 -115405568 -362342798 -771713676 662429730 -1482226088 -683669042 694423688 1176395621 -282375989 -1828684424 343107313 -1665039902 667709563 -2060785575 -297958116 204778801 1530342878 -679784991 -790043727 -1051255283 -757919583 -867403497 542222104 -798233714 -1051157303 2142065905 854307646 1808697757 -1781461477 -536676891 -271861864 -632783197 2034527678 -1010227009 -1788446873 -2011152253 897637918 -389244235 -272248258 319057098 -2068823790 -1420366152 1927762113 863359013 757046336 1115051020 1592801710 -913968878 -1796350016 -15764966 -199265503 -303623718 -863112449 922860932 -64637933 -962208322 -1218303003 1234406010 -2112828893 2142516592 -1519020998 937193547 1904146329 1575997124 -1296457403 674878015 1033612711 -1765368921
1883414947 1622615793 -1035588529 -1191418427 1517071652 39757390 813858996 2039834010 1290211680 -470590000 -1458307778 -1260131857 -1823301958 -1491451391 -1691126081 -41469197 1044007021 -432059025 838240675 588519793 247132387 -2113210261 966635621 1198556721 -1947523257 256960780 470338884
1334356568 -739565702 981343030 -2025464408 -1988443008 509944424 -1925531107 -565009429 991286565 -1601245214 620972600 -822771184 -587359427 2017965640 324946651 555340403 -95873752 -1471374951 1921593442 518309638 -765195847 1557661941 299132259 -723082124 -1504211307 -1448974244 1830923042 -2138961015 -421257280 -1331883333 -2113696439 1379136720 -865264524 -825427927 833871064 -2031271299 -782320331 -2026218387 -939366823 1666780301 1085593377 792689091 62674776 -872871125 1306132620 -1546122273 1612711698 -1347173547 -1904481588 -1724905678 402134636 -972662337 -613743280 -187694997 1429478182 -389664777 -1872183817 1806305344 -1702606256 -1585664055 1831400094 -1473118355 -1025452548 237627620 1627416571 634955516 -63114700 -1629428547 -939304535 -688852793 573617454
-520849533 1954239547 -2107357506 -724795789 -392829900 -322229410 -1036381429 1436256925 -2047670002 -222929902 -1428360059 457677223 1431524123 -482356838 -1716352746 -420134143 32714097 -2018407843 914433687 1413964410 -1298019126 505626090 -1852038523 -1399498783 -1741184941
-1839177484 995302639 1203928004 950304574 -2072617277 1212831076 -1568551248 -71085167 -403821808 1687272815 1688108317 1507190155 1889338350 -836593070 -567333545 448507267 1399556693 432148805 -1043128575 -1207263669 -943799975 -34699109 -1774526612 -1682479875 -1625994081 1373599523 93810475 -895786758 1486201356 195577296 -1537364762 1796446255 1759584958 376776604 -1856693906 1239690138 189484863 937626536 -1866053358 2017464332 -942437641 1205996967 -1659988432 -2054353104 -1942805789 -1146877827 -853284594 444093643 1563986820 -670093534 1861003498 -915403707 197397017 -716779572 620571215 1994052199 1028209935 1096459597 781004457 -2119303323 1845245880 374299321 42813724 -812643041 1107830075 901326155 1827486864 -1899717213 -1634162997 1816893576
670295542 710828315 1078991013 -83325356 -1028161260 1120562449 -1054437595 925999516 1978855220 1589878713 1510622662 310920382 -794933937 -1403789956 2039417757 1034598530 -1391603485 1408953489 1072236671 622523437 271168499 -986219854 -1974213981 1663763547 1270136147 1269713427 -1340859771 -531627247 1458700577 -1503479409 1473757452 -1306264302 -1209207402 -1577903068 -1863717906 353392753 -778037250 -1359047775 352226387 -1440771993 -1536008700 -301899107 1804766136 990796390 927201075 1028647339 -516533482 -945715090 -339270983 -72891445 -1848172477 969358494
-1655589342 2004733335 1465860621 -891065326 172386029 -1119883311 -101736742 -1816001059 1551044531 -628462020 726119297 695673652 -849699142 -205850355 56982384 -1503152968 -182256709 208667151 1561707225 -1443903867 1642423256 72162177 352413129 -1776135240 -1340862259 -1972641474 1197927545 -1884008911 -885612698 -57683938 887167204 640278169 -1402869456 -139087972 1133525401 642326694 -1863891597 -1912770120 822433234 524672925 990012766 477605150 -2018801980 944641816 -955498620 2018383240 -379776456 -1068024823 489471623 542152288 -1248388518 1367904766 552347410 -1268321368 93845200 -459337562 -1063229172 -1308551906 1222740750 -76833389 -1379807223 1235115930 -363188760 1414831680 1207289604 -1608073029 383514216 -540006826 -2041207989 1834373314 -626294303 -195279318 140683962 1093054141 -2125691069 -1043382902 24627499 -886080793
-1842243911 698132780 -357985458 -780448688 -1997509193 -56286221 -1705576778 -1705594526 -648648764 1069759630 -1555336771 1855151762 790503207 1700862558 1924168255 -1029655407 -1747384533 175879877 727768315 1200773089 1041370218 1997419038 -1428217482 871862511 -675056307 -5700627 1945356319 -700442265 -1389639982 273644119 1718535859 202369731 2072359312 -345424684 -1655052574 -1779899867
440190498 1637870387 1303006567 -72542500 -1170011780 -1593401820 -1512852113 558474549 989050635 -157798508 -1199998521 -1669674976 1974260637 -595950491 -1800466068 1229563433 -196110444 -839295907 -2129394459 -232051508 -1772631776 -848137652 -9570921 -728062152 -556661328 723581556 -2129967529 -754942634 317238949 1907893028 -1018218175 379019016 -402231992 -896369755 -1602119993 -429760587 -49774082 -415865510 602636 1483392517 1525306042 -682757342 1272569458 -660302871 301395122 456317697 206809713 692390621
-1844093442 -1051036758 -616124303 1594394235 -1848686002 -867555269 1871353605 -753626658 -471696463 -472037036 -2118193453 -38082616 -1858830821 -1906277622 -97574095 -1610191603 990852759 149384555 992086039 -163017668 1174976104 -1327248686
1594953233 -1057842063 -373172357 -1590025908 -1964604115 -921458474 -683573671 1683461582 1181565192 737437410 2020443942 -1780561918 -1995047898 1211240746 1670320572 2111050367 1582086536 811144179 -628297053 -1348469041 -1045199515 -151334448 1040958698 640373947 -679736039 -666333553 899466554 -954836533 1940800093 -709385131 -1315517913 -525990644 -2057732679 -640588024 1226173897 -1905644781 1217451062 -812426772 1230224523 2135680578 -1561684906 1474993040 206765378 -52183223 2101747272 723495915 687302273
2048559959 1505095873 -1487743701 9873938 -188491612 -896230325 1316411464 333247724 -1687451372 -1450911210 649242140 1484399255 1032123019 1131111978 -1995256203 66397138 329558617 -1151208849 1014578756 -1316982779 100517108 1731657292 -1225168785
1950801127 -1323236207 948807653 561997325 393483530 1910252438 133705458 1746039198 -1831695885 -1875401820 619911124 -486805148 -1310398804 -1282736237 -1728550259 953633037 -1708650330 1138774963 -1692128262 -987057084 249700076 924604143 -1187001820 185065083 1754075291 340410927 2032630229 465023722 -460196207 -1749792258 -1884333714 -955995946 1008764003 -774402451 372731127 438767638 -46515052 -221469386 -1552234632 9118162 1590144004 296493603 -132680314 1860229518 1526818982 -1509375568 17956128 1231149670 -639776906 2131696111 1399883451 -1573264230 -355500631 1383396779 1362559898 818061133 959488293 1935719888 -758192797 906738313 2088287283 1897108745 1031420655 -483086970 202631282 -1129903701 958088801 -1028811476 -1852037874 -1629912623 -359210887 1657337557 580213810 -1192049209 1974025514 1449159510 -1746940998
644474217 -1679133121 2082194733 -1289801903 -1456145849 746589538 1316288746 1219749223 612177217 791975058 2080030880 -1146212135 1818909143 1779126700 1779309827 2110905206 1231064154 -1526620965 1069898428 247671507 1640972810 -313175786 95457952 1439706735 -1840480672 -475840275 -496404188 1987988503 -1104457305 1727116165 302788880 305770124 -1681568560 762785249 241046899 -12944798 -70852985 -500298654 -1069371690 -1886524118 658238849 -1605783408 -2140256332 -1049638189 1578845207 -1683339494 -666315735 -301810355 1155834136
65741032 2067565166 1154384346 -2065554530 105610610 -1815788519 -197265006 948376676 5133700 836163229 -1911281179 465158884 1841458640 -1021535910 587346110 -954706286 -409487376 426296745 1909301090 1298088804 1008398743 688912381 1870450368 -1619220079 -1276148983 -1877401787 1342416141 -200053349 -2010885940 -76382571 -125919088 1237929104 710374559 256025860 -426558534 531329163 -2035805781 2004254679 -764805511 -374781567 -948652040 -1810109730 1126682829 -1059213767 -2618590 -735419618 1846633114 -1000699492 314351691 659668912 -1881359168 2141952046 -58964141 109122792 1533169512 747174364 -1819397306
-1977609824 2105187319 -720718314 113772374 1461093930 -877019264 -889027703 -1083843812 212908433 -2085740634 672313204 -1582513488 2145750396 -986153844 1685969705 998666852 -1764629178 -1479242162 -1062844883 1093928415 -453998643 -88562619 1179366958 536804092 604883593 -1095142262 548104755 -2075887886 1549949409 -820191303 1255116053 218970548 -115232071 267300087 910089005 -307829863 -1233247921 538346037 840200014 -1109823169 1139628359 -1684104011 -1097667851 1839075757 -292160765 -745599540 -893030977 -672482633 -1921017288 -323387414 -67891174 192421798 -257680963 1108199383 1759040831 916319767 110784678 -506476993 -1344452513 2126214435 -411030383 -74752656 2138585372 -1704912192 -1471658689 254508897 -1119466694 433144678 -857008794 -530212875 -1695593066 431329269
1559943041 1922403414 38770133 569044855 1281696139 111907425 -1338346146 452572811 1285399509 1038093841 1430581882 1261528533 503798169 580308263 -834538615 796289790 -530055403 2036401151 -2144892284 176576994 -1199687351 -900312060
809245210 2037118462 290669925 -917898556 -210708009 -1156036598 943269896 658064325 880335345 521946066 -6910018 -1124623311 -2036832449 218275856 2094981048 285652962 -71396056 -1931862314 -53831366 -157653916 -728199814 144114387 -69115506 1990609369 -1595307654 297800915 1372189498 -2020846051 641779771 94895500 1561030260 530855466 -1696065997 -952371306 1739504854 259424700 763017738 1048387003 149290061 822902071 1212013237 -481699471 -1882512041 1952421320 -1353665853 259077539 -1767481235 604109771 1130112247 -211674697 -2143306051 181141356 1825474070 -580603700 -2000205285 1911559056 -1490440192 -1653833405 756654137 -393110795 1303818757 -2089420671 1423346966 2031674263 1012118129 474640114 -115189580 255915093 1967510888 78768208 -96355315 -226357036 1094860025 231347236 -1261719225 356915107 -159484308 1655591565
-1333649760 533326046 1343537471 -2065612863 -148704871 1387731216 -431975218 563360376 1131435830 -319498629 -1662369236 -1779840731 -999997419 -899373658 -608027536 979249296 -1875295178 8190908 1228622552 1952609320 -298184040 -849666216 -1063929071 -688239376 1524217636 1255260835 267711413 -46281801 398514890 -2063684959 601697044 1975806604 1157784041 1371731911 386876982 491819375 1786776820 -2011241520 143991840 -1470449077 -949616815 -450164528 1848695126 26632227 -1684189052 1165395337 1803919265 779758988 980683660 -1372417284 511278610 -310895013 12271757 -1760993469 -1413812922 -2094430050 427953326 -1257815651 -2092565526 -1484898097 1302248516 1037736906 -126306431 691883334 1235577648 -635437927 201252196
-704788604 -1162520642 -1814489078 -612469443 1405082220 157837033 -1220260727 -2123920546 2031745867 369199123 -1383482276 1140718768 796938532 -1628590822 -1878458522 -903144846 -1358395845 -1377881968 -715580873 90127550 1935315451 233219023 896414861 -246738761 -1983267558 251783760 -1987726308 -1339877890 2075608058 1546729020 -26034287
-560841902 839301699 822177236 -1254233354 1641978637 1839146157 -1698224755 1354474749 904369010 876492718 -434442006 -2038273371 1767870596 1806439165 710461854 728489880 -1821208661 -937098585 -767614676 -592762118 -520770669 -814291169 -1520031388 -2073202794 -1599536557 654609050 2143592750 -1978854566 1378834898 -1256687719 388901254 1089309189 1202792037 1115038919 1928554182 1480365854 1096210365 682723844 -1651740117 -1070515417 1444974592 1371697857 -1883611247 774881298
248127886 1477761921 1404934388 1366863076 -1672013584 1304765805 598149368 -170221059 584850807 1904208441 -2140945003 1099093240 -1882405616 -2132557059 904333315 -885883331 1210263447 913988617 -1294286358 -689050938 -986217296 -2013886423 151841116 1404242691 302772951 -1121336279 -36630523 -19952643 -1766102092 147844763 -2138588767 -1105404227 -86193741 -117950505 -1969216083 -1511337490 1268746964 -71397822 8421473 281518529 946957503 913902291 -1593069860 685679120 -1369885157 -1380900397 -650433887 580183750 -2145107681 -478635037 -1917411262 -1331851651 357145448 -1943626941 -1262860966 1362465640 1413402381 931737936 976755135 -2066659726 -2077775632 39602254
-1232873305 -1500802986 -912333465 -50718484 806065875 -1857010758 1802241780 -503107876 1425259368 -1260187939 1603052282 38534035 736557732 662097441 558664182 1417422299 -245617421 97407767 1282683357 -1286417869 -1384596591 292552278 -52056739 -2074934594 379237235 1419289230 -2089069719 -1430158723 347513447 2064712924 799726324 2109329344 231973497 225087071 475524859 444774873 1941059481 928842506 997031625 161654291 1817240442 -1287106117 1736789622 12496866 -1664379972 -1451568756 -245789776 1146034267 910249548 722305129 -667653443 770095334 691912715 -1557326109 -850522176 -42832591 2077921709 1874855234 -95860678 -391075737 -207182109 1757851104 -1224484653 1399892385 -996168772 -1512804172 1660379994 -265550948 -1804823480 1339382829 783558922 -494638164 -1831996802 -599943359 181349647 -1218771983
452778180 791771975 1876268231 -952980390 190939133 -934373556 -117872254 -900559374 1253843573 -1683728462 801817691 -1276430179 189637394 -1303989875 760946084 -650084625 404170341 -480364491 -1507876285 986826744 1271167039 162026828 -7559843 1235300585 -1285638518 -1569424128 -1517684400 1788388605 301880661 -360062323 -1709218841 1263406998 -1366241232 1779790085 603431368 -1412035419 -516449095 1819806803 -2025083599 -1033454769 806040183 -2016846211 1873755107 -1249732915 2087074790 174306600 -346904483 -495093357 -1484110638 -1760447647 -790775219 783036083 -1599047192 582933401 323617347 -1951320700 1152273801 -451398159 -900023129 425696126 830412257 547002040 -1380225043 64426088 1535178808 845170993 -72500730 -519399244 272938375 1725440665 -2050883303 135627305 951397454 715932007 496892787
1129620388 1723792597 1150239419 -1651308074 -1533332593 -7812961 -1311283607 1691057016 1617092245 1669992714 -1870515848 2048552480 2030252179 -298822873 -982640807 781474442 1753708236 1153299800 -600179669 1473678813 998761796 498639891 -1790260183 90889744 1692351822
1531876963 159891593 -1560557212 784097722 -87417167 1986569990 472105526 -1640516005 -577168669 -1361787200 1274179845 166902327 1176014653 2032709069 718578480 -232385435 -986317278 -90617147 -1516223730 -144238615 -1827315954 -760395096 -1597232641 1654271541 -424996663 391377151 1300922301 -868030989 -1262077223 1859046976 140065527 -1811961343 -438611401 1477834870 -1514039520 156984508 -1968851642 582265377
-1728081023 -1917676800 -1902744742 1855967130 418745969 -229207694 1494952251 1124554912 -2075260813 -1280120982 -1857364099 -1840890779 1987185534 -1887052435 -1083721631 -2146896544 1624306968 1942874606 916965076 491914250 1859335961 1392893117 684572365 -1436923543 -63840076 -197931587 -857059335 -1786513686 1431253943 23839450 -2096757094 1424762740 -1607677423 1812087097 -535963988 2085909945 2069893013 -122012240 -430262967 -1025563698 1328419836 -620945289 -238099379 -793925635 -133957328 467849248 -2130062275 2098901722 1494319559
-1579302812 -800718189 1310688205 438828158 1547725119 1597609868 622085062 -51423715 -1499295462 240459307 1312029682 1068121876 -1087365382 -1826250257 -565439534 -1178800203 -516617283 849141191 601607147 -1683367778 1124171136 -1006846559 1211457993 2084147315 -915819200 1493230912 1539240006 -1874368307 -2136689981 -1978052526 1630179339 1351474801 1763095224 388390849 -755925929 -825403196 -1614615779 -1286084535
-1839534978 535964128 -1563027894 -319934795 1523324318 -195937847 -1812710690 -1863143796 693083293 1940664726 1897584174 564073915 1838357222 1183715687 -40406271 921182368 -585641340 1109807708 -346675307 -249150456 -86979300 1465273468 -747515982 1159487405 -2079361506 -974481704 -2067442693 -1890020097 644031543 -1321810449 1937347206 1392854567 325273097 -12309420 -1875854161 622625096 849552926 -593919603 1445543465 1800428551 42564121 1050383166 -1296072363
1303720238 -1679465337 1465328854 397509451 121386451 -1091018839 -1238796699 -175076418 732436151 -359957009 335562465 -1305824141 -362820877 2043316683 -910070871 -925104627 -1972566657 407166782 -1440710354 736021254 427740134 -1621275011 -149830973 -1014371085 -1812839363 -2147285807 -252572745 -1446944245 -1547309487 1771413438
63008489 -1846887393 139775591 -248625143 1337311377 -2069250680 1356735792 -1042895594 -216423760 -1911794875 -784201819 -30810169 1391384103 2040536343 90360986 1430226740 61656010 1221531459 836731026 1374040870 -190691484 597138237 -251794844 430091757 1839181566 1744254883 1847440923 2003965808 1449167456 -535391380 1886972446 -1909842556 1636759256 -579612575 1536428688 540272001 832836409 -1725161269
-1592558830 -2137741274 1314686061 -2109043163 972478541 1550422160 -962797388 956089420 -626730237 249013884 -1323833300 616847218 1020640088 -1394395127 -34241226 -175899120 511956885 1104627889 1895087096 13396980 -1319311044 1050223310 -1167247468 -1873663643 1869150044 1071971680 616560283 -2000209782 -528639449 1401469453 2025966275 736046347 -429300799 -495059096 1294049240 -880109064 2016182874 202716021 -562577936 -1646200342 1011937150 293018221 -1630897438 1056863591 -1329217365 -119857731 1730678520 848112522 -658084573 -1725137068 331120867 671604963 680533252 431553822 -37364497 1295923355 1479824789 -1306023733 1580739447 1753275356 1006212833 899610580 -83502438 962474863
216879038 1595445038 306091942 442975190 -1762159968 1028755700 951655035 1532469517 417689571 -257407475 1013469177 951221767 549158217 1911583149 -1634158374 350646272 1771002928 -1371985395 1050719089 195912366 1619160854 844151206 -1857284406 1970273941 -1854676129 1611194267 -1547445234 642293913 -1172106410 1268392822 -570656212 277198549 -2037939087 1513893911 -600057930 -264989014 162792920 1643407848 619837192 1278943257 -1477528792 1828402261 -164773714 722977365 553639795
-2035707897 -356207213 -917099381 -84390113 1744922149 1706327589 1438536319 1872508897 -463542537 -274002746 1011964774 1793849264 1208321194 1301811255 -299608230 395390080 -1192526517 13388810 -1401893689 1875858490 573738672 -1993537347 -1717737243 2122157300 -1994554216
-956124030 -1830837151 -78772975 1699410044 1270862085 -759420277 -320323814 -1801394363 330269102 28605375 -152019064 714950478 -1077017310 -1950419513 1024454701 -413536624 392463142 -504181666 -2077260491 1618727585 -1554574678 -1210568480 53697747 -1138732655 -683762679 1399243073 -353381091 -1676788745
-972590529 1683282997 -165352378 359073851 -661755685 -1843544408 -1143668892 -83828027 -1166772476 -532350950 1259569789 773075170 350171029 1565649441 -1728992749 -750950203 662816130 -359621263 370173529 1327534313 -1353700787 245494074 1221093569 1525061645 -660529218 332717261 -1521193261
-1359793966 -1348491387 47507008 -1357119074 -682375693 -1264960796 971062839 1533609626 -693712791 -1563888900 -1613989386 -737629827 1442875664 1293521168 -1509435229 1857639277 1546313291 619328634 1885840987 -833297614 394898744 395083214 -1799648629 1517911798 -702393820 -1271578561 -613619841 21446220 499948609 -1662294719 149626680 -1950355341 1674268822 151971439 -875114111 1919320794 -998938570 1983578543 -1856346300 495963110 -528974412 181734292 2033155865 464436723 -254796331 -959740925 45485855 -1543354727 1813311367 1897877784 2105233423 -978624976
1712014410 1188808077 -1097462891 -1321404275 -1875096116 2102196161 -83337171 1146355090 567214646 -175066586 1247195177 414564917 636311140 -539173983 -2022929653 930770225 -63851106 -132105259 -1328662423 -1991395484 -643639815 910016949 -1683047183 -150952323 -898765060 1855790938 -1124947028 1785708275 -1984219515 -100085994 565725062 1279648056 609404909 1790891464 -1820215026 1593001518 1837521258 1025169009 44457081 1085492953 641098677 -644527353 -394499092 -1796007082 -1978687508 -1120078199 570198522 873864460 562560952 579658835 1337258090 -1766516704 -168787022 -1882027853 -1728428226 -2109257682 -94137342 -1753426245 -1834981392 1072471093 -290603191 1122393944 1298501886 101400017 -1698102336 -826683997 1239338409 -639510608 -798947679
1465685496 -632074434 -1772560955 1701241154 -1792349437 1749542307 -1766764658 -940300256 -905940115 -162860050 -742871802 1971248421 -1331405775 -540297582 -1403278776 -2101432582 1527447969 -1545937904 -754919138 1078974122 1386587308 1453705973 1959700971 1652445373 362917983 1535890183 -220850485 727913350 832066478 1052294587 697982200 1886246585 -1124633741 1140027881 -401577873 856375360 -847693643 1611046594 1538708946 -1363113394 -1013989587 1846845953 1980870288 1662187187 -1661032442 -1719198368 -1495055550 2116199282 -1003186972 -346165427 1479395416 -1153067888 177393448 1705542365 -341862156 -261552338 972136305 87010048 918963221 583819738 1100224869 -1090159370 -1300051976 -1593158111 -861511760 823385601 1962647482 -1298528408 -1467112372 1226422364 837781314
-402560765 -669906069 -1642718883 -1403103898 156877873 -1879094477 -848712663 -959944445 2062986702 -1429683445 1007161271 -390309420 -731866964 -914428013 -871492884 -972621166 -1375544324 121045989 -357829977 1690093317 -1604013802 -1057157621 1911494440 -797483114 382585208 -396398928 -1918909521 -608785886 76529935 2131597337 -1638425501 854764560 1878913205 -215005099 -1461705099 136868261 783377659
-1892243835 -1887594858 609156391 2001947764 -24837820 993739742 602011264 -373673791 1882554969 135968466 205350856 -1511764002 -1102991992 2011866482 1845195017 -1404707424 -365265391 -516549632 -1780931692 -753552612 -980764586 604663766 345663046 -937781344 -27643457 1468269428 781277709 1397728487 -1451019551 -1364912168 614007466 703478407 360273885 1181570834 789264311 1734292654 -2045537530 1080837143 -1254743572 729569805 1411462598 90364884 -1185560419 -1230621421 -674487359 -1472875642 1314550662 -473838498 -263678918 -1817040824 -234036021 158658158 -126548554 985560045 -810700999 -30473061 2098415582 -1011500273 -1120064303 1358405960 812498857 1244555368 2087573895 1390099801 -557168198 -1753585312 -1340402105 -1922967327 -1321312506 789979110 -1673881544 -251497696 -544317511 1781800322 954140739 -834564692 939272282
893818582 1817718509 730289452 -753146539 374900708 1545869262 -2006722601 150316494 -1063191760 83435696 -778976440 1737576650 420115659 368505250 1808495060 -855713860 1569253851 -1325037105 1135438243 -1550245786 -807250531 802048567 1632478027 -99192653 -184739156 640579489 950933179 1225999300 853324930
